First val for err: 0.97334289715098
 C: 0.015625
 Gamma: 0.0078125
 Epsilon: 0.0009765625
After loose search, val for err: 0.132226372203029
 C: 64
 Gamma: 0.03125
 Epsilon: 1
After fine search, val for err: 0.132226372203029
 C: 64
 Gamma: 0.03125
 Epsilon: 1
