First val for err: 0.995027817132979
 C: 0.015625
 Gamma: 0.0078125
 Epsilon: 0.0009765625
After loose search, val for err: 0.343077685522333
 C: 64
 Gamma: 0.03125
 Epsilon: 0.00390625
After fine search, val for err: 0.326486158966163
 C: 38.0546276800871
 Gamma: 0.0220970869120796
 Epsilon: 0.00464534029297938
