First val for err: 0.999109151946673
 C: 0.015625
 Gamma: 0.0078125
 Epsilon: 0.0009765625
After loose search, val for err: 0.960330685446934
 C: 16
 Gamma: 0.03125
 Epsilon: 0.015625
After fine search, val for err: 0.952172034339348
 C: 9.51365692002177
 Gamma: 0.037162722343835
 Epsilon: 0.0185813611719175
