First val for err: 0.995276308712877
 C: 0.015625
 Gamma: 0.0078125
 Epsilon: 0.0009765625
After loose search, val for err: 0.641920544364616
 C: 16
 Gamma: 0.125
 Epsilon: 0.0625
After fine search, val for err: 0.61744737300823
 C: 16
 Gamma: 0.105112051906714
 Epsilon: 0.0883883476483184
