First val for err: 0.996343673564099
 C: 0.015625
 Gamma: 0.0078125
 Epsilon: 0.0009765625
After loose search, val for err: 0.777434947598961
 C: 64
 Gamma: 0.0078125
 Epsilon: 0.015625
After fine search, val for err: 0.774891188859549
 C: 76.1092553601741
 Gamma: 0.00929068058595876
 Epsilon: 0.00929068058595876
