First val for err: 0.999036617854631
 C: 0.015625
 Gamma: 0.0078125
 Epsilon: 0.0009765625
After loose search, val for err: 0.985311120007929
 C: 0.25
 Gamma: 0.125
 Epsilon: 4
After fine search, val for err: 0.983399823486277
 C: 0.25
 Gamma: 0.210224103813429
 Epsilon: 2.37841423000544
