First val for err: 0.999017492884504
 C: 0.015625
 Gamma: 0.0078125
 Epsilon: 0.0009765625
After loose search, val for err: 0.955331440104794
 C: 0.25
 Gamma: 32
 Epsilon: 0.0625
After fine search, val for err: 0.952645989447396
 C: 0.420448207626857
 Gamma: 22.6274169979695
 Epsilon: 0.0743254446876701
