First val for err: 0.998836569654109
 C: 0.015625
 Gamma: 0.0078125
 Epsilon: 0.0009765625
After loose search, val for err: 0.418210144987565
 C: 4
 Gamma: 32
 Epsilon: 0.0625
After fine search, val for err: 0.410303376105921
 C: 2.82842712474619
 Gamma: 45.254833995939
 Epsilon: 0.037162722343835
