First val for err: 0.9991479682667
 C: 0.015625
 Gamma: 0.0078125
 Epsilon: 0.0009765625
After loose search, val for err: 0.669561437812545
 C: 1
 Gamma: 32
 Epsilon: 0.0625
After fine search, val for err: 0.627065786206324
 C: 1
 Gamma: 53.8173705762377
 Epsilon: 0.0441941738241592
