First val for err: 1.00126299704605
 C: 0.015625
 Gamma: 0.0078125
 Epsilon: 0.0009765625
After loose search, val for err: 0.922362231770992
 C: 1
 Gamma: 2
 Epsilon: 0.25
After fine search, val for err: 0.905091889243378
 C: 0.707106781186547
 Gamma: 2.82842712474619
 Epsilon: 0.176776695296637
