First val for err: 0.998548894995977
 C: 0.015625
 Gamma: 0.0078125
 Epsilon: 0.0009765625
After loose search, val for err: 0.461438652660392
 C: 1
 Gamma: 32
 Epsilon: 0.015625
After fine search, val for err: 0.43626698052063
 C: 1
 Gamma: 32
 Epsilon: 0.0185813611719175
