First val for err: 0.999965304646982
 C: 0.015625
 Gamma: 0.0078125
 Epsilon: 0.0009765625
After loose search, val for err: 0.0640176439146172
 C: 4
 Gamma: 32
 Epsilon: 0.00390625
After fine search, val for err: 0.0640176439146172
 C: 4
 Gamma: 32
 Epsilon: 0.00390625
